E RHE	ph1 HER	pH2 HER	ph3 HER	pH1 FF	pH 2 FF	pH 3 FF	ph 1.5 HER	pH1.5 FF				
-0.002	-0.0225	0.0995	-0.049	-0.0975	-0.108	-0.0415	-0.1645	-0.0925				
-0.007	-0.019	0.0305	-0.037	-0.079	-0.062	-0.0285	-0.0935	-0.0565				
-0.012	-0.0185	0.015	-0.032	-0.0735	-0.054	-0.024	-0.072	-0.0485				
-0.017	-0.019	-5.00E-04	-0.029	-0.0745	-0.054	-0.0215	-0.06	-0.0445				Furfural = 8 mM
-0.022	-0.019	-0.008	-0.027	-0.075	-0.0465	-0.019	-0.0515	-0.043				Scan rate = 50 mV s-1
-0.027	-0.019	-0.008	-0.0255	-0.0745	-0.0465	-0.0175	-0.046	-0.043				
-0.032	-0.019	-0.0155	-0.024	-0.072	-0.0465	-0.0175	-0.043	-0.042				
-0.037	-0.019	-0.0155	-0.023	-0.0705	-0.0465	-0.017	-0.0405	-0.042				
-0.042	-0.0185	-0.0155	-0.023	-0.068	-0.0465	-0.016	-0.0385	-0.0415				
-0.047	-0.0185	-0.0235	-0.0225	-0.0675	-0.0465	-0.016	-0.037	-0.042				
-0.052	-0.019	-0.0235	-0.0215	-0.078	-0.0465	-0.0155	-0.036	-0.042				
-0.057	-0.019	-0.0235	-0.0215	-0.076	-0.0465	-0.0155	-0.0355	-0.043				
-0.062	-0.019	-0.031	-0.0215	-0.078	-0.0465	-0.0155	-0.0345	-0.0435				
-0.067	-0.019	-0.031	-0.0205	-0.076	-0.0465	-0.0155	-0.0335	-0.0435				
-0.072	-0.019	-0.031	-0.0205	-0.075	-0.0465	-0.0155	-0.033	-0.0435				
-0.077	-0.019	-0.031	-0.0205	-0.075	-0.0465	-0.0155	-0.032	-0.0435				
-0.082	-0.019	-0.031	-0.0205	-0.0745	-0.054	-0.0155	-0.032	-0.045				
-0.087	-0.019	-0.031	-0.0205	-0.0805	-0.054	-0.0155	-0.0315	-0.046				
-0.092	-0.02	-0.031	-0.0205	-0.0805	-0.054	-0.0155	-0.0315	-0.047				
-0.097	-0.02	-0.039	-0.0205	-0.078	-0.054	-0.0155	-0.0305	-0.047				
-0.102	-0.02	-0.039	-0.0205	-0.079	-0.054	-0.0155	-0.0305	-0.0485				
-0.107	-0.02	-0.039	-0.0205	-0.0845	-0.054	-0.016	-0.0305	-0.0485				
-0.112	-0.0205	-0.039	-0.0205	-0.086	-0.054	-0.0155	-0.0305	-0.049				
-0.117	-0.0205	-0.039	-0.0205	-0.086	-0.054	-0.0155	-0.03	-0.0505				
-0.122	-0.0205	-0.039	-0.0205	-0.085	-0.054	-0.0155	-0.03	-0.0505				
-0.127	-0.0205	-0.039	-0.0205	-0.0865	-0.054	-0.016	-0.03	-0.049				
-0.132	-0.0205	-0.0465	-0.0205	-0.085	-0.054	-0.016	-0.03	-0.05				
-0.137	-0.0205	-0.039	-0.0205	-0.083	-0.062	-0.016	-0.03	-0.0505				
-0.142	-0.019	-0.0465	-0.0215	-0.082	-0.062	-0.016	-0.03	-0.053				
-0.147	-0.0205	-0.0465	-0.0215	-0.0845	-0.062	-0.016	-0.03	-0.0545				
-0.152	-0.0215	-0.0465	-0.0215	-0.086	-0.062	-0.016	-0.03	-0.0535				
-0.157	-0.0225	-0.0465	-0.0215	-0.085	-0.062	-0.017	-0.03	-0.0535				
-0.162	-0.0225	-0.0465	-0.0215	-0.085	-0.062	-0.017	-0.03	-0.0535				
-0.167	-0.0225	-0.0465	-0.0215	-0.085	-0.062	-0.0175	-0.03	-0.0545				
-0.172	-0.0225	-0.0465	-0.0215	-0.0845	-0.0695	-0.0175	-0.03	-0.0565				
-0.177	-0.024	-0.0465	-0.0225	-0.086	-0.0695	-0.0175	-0.03	-0.0565				
-0.182	-0.023	-0.0465	-0.0225	-0.0945	-0.0695	-0.0175	-0.03	-0.056				
-0.187	-0.023	-0.054	-0.0225	-0.0975	-0.0695	-0.0175	-0.03	-0.0575				
-0.192	-0.0245	-0.0465	-0.023	-0.102	-0.0695	-0.0175	-0.03	-0.0565				
-0.197	-0.024	-0.054	-0.023	-0.1025	-0.077	-0.0185	-0.03	-0.0575				
-0.202	-0.0245	-0.054	-0.023	-0.098	-0.077	-0.0185	-0.0305	-0.059				
-0.207	-0.0245	-0.054	-0.023	-0.101	-0.077	-0.0185	-0.0305	-0.06				
-0.212	-0.0255	-0.054	-0.024	-0.106	-0.077	-0.019	-0.0305	-0.0615				
-0.217	-0.0255	-0.054	-0.024	-0.106	-0.077	-0.019	-0.0305	-0.0645				
-0.222	-0.0255	-0.054	-0.024	-0.1025	-0.085	-0.02	-0.0315	-0.0635				
-0.227	-0.026	-0.054	-0.0245	-0.104	-0.085	-0.02	-0.0315	-0.0635				
-0.232	-0.026	-0.054	-0.0255	-0.1075	-0.085	-0.02	-0.0315	-0.0645				
-0.237	-0.027	-0.054	-0.0255	-0.1065	-0.085	-0.0205	-0.032	-0.065				
-0.242	-0.0275	-0.062	-0.0255	-0.1135	-0.0925	-0.0205	-0.032	-0.0665				
-0.247	-0.0285	-0.062	-0.026	-0.112	-0.0925	-0.0215	-0.033	-0.068				
-0.252	-0.029	-0.062	-0.026	-0.1155	-0.0925	-0.0225	-0.0335	-0.068				
-0.257	-0.0305	-0.062	-0.027	-0.1205	-0.0925	-0.023	-0.0335	-0.068				
-0.262	-0.0305	-0.062	-0.027	-0.121	-0.1	-0.023	-0.0345	-0.0715				
-0.267	-0.0305	-0.062	-0.0275	-0.122	-0.1	-0.024	-0.0355	-0.0715				
-0.272	-0.0305	-0.062	-0.0285	-0.1265	-0.108	-0.0245	-0.036	-0.0735				
-0.277	-0.0315	-0.0695	-0.029	-0.127	-0.108	-0.0255	-0.037	-0.075				
-0.282	-0.0335	-0.0695	-0.029	-0.127	-0.108	-0.026	-0.0385	-0.0765				
-0.287	-0.0355	-0.0695	-0.03	-0.131	-0.1155	-0.027	-0.039	-0.079				
-0.292	-0.0375	-0.0695	-0.0305	-0.1425	-0.1155	-0.0275	-0.0405	-0.081				
-0.297	-0.0385	-0.0695	-0.0315	-0.142	-0.123	-0.0275	-0.042	-0.083				
-0.302	-0.039	-0.0695	-0.032	-0.145	-0.123	-0.0285	-0.0445	-0.091				
-0.307	-0.0405	-0.077	-0.033	-0.154	-0.131	-0.03	-0.046	-0.0895				
-0.312	-0.042	-0.077	-0.0335	-0.1625	-0.131	-0.0305	-0.049	-0.092				
-0.317	-0.0445	-0.077	-0.0345	-0.1755	-0.1385	-0.0315	-0.052	-0.0935				
-0.322	-0.045	-0.085	-0.0355	-0.19	-0.146	-0.032	-0.055	-0.099				
-0.327	-0.0475	-0.085	-0.036	-0.2025	-0.146	-0.033	-0.059	-0.104				
-0.332	-0.049	-0.085	-0.037	-0.22	-0.154	-0.0335	-0.063	-0.1095				
-0.337	-0.052	-0.0925	-0.0375	-0.2445	-0.1615	-0.0355	-0.0665	-0.1175				
-0.342	-0.055	-0.0925	-0.0385	-0.2675	-0.1615	-0.036	-0.0715	-0.124				
-0.347	-0.06	-0.0925	-0.039	-0.2955	-0.169	-0.0375	-0.076	-0.1335				
-0.352	-0.0645	-0.1	-0.0405	-0.322	-0.177	-0.0385	-0.0805	-0.1425				
-0.357	-0.069	-0.1	-0.0415	-0.3645	-0.1845	-0.04	-0.085	-0.1535				
-0.362	-0.076	-0.108	-0.043	-0.41	-0.1845	-0.0405	-0.0905	-0.163				
-0.367	-0.0835	-0.108	-0.0445	-0.458	-0.192	-0.042	-0.095	-0.1755				
-0.372	-0.091	-0.1155	-0.045	-0.5195	-0.2	-0.0435	-0.1005	-0.187				
-0.377	-0.0995	-0.1155	-0.046	-0.59	-0.2075	-0.0445	-0.106	-0.201				
-0.382	-0.111	-0.123	-0.0475	-0.6565	-0.2075	-0.046	-0.111	-0.2145				
-0.387	-0.1235	-0.123	-0.0485	-0.7295	-0.215	-0.047	-0.1175	-0.23				
-0.392	-0.1385	-0.131	-0.0505	-0.8195	-0.223	-0.0485	-0.1225	-0.243				
-0.397	-0.158	-0.1385	-0.052	-0.9165	-0.2305	-0.05	-0.1295	-0.2605				
-0.402	-0.177	-0.1385	-0.053	-1.016	-0.238	-0.0515	-0.1355	-0.278				
-0.407	-0.1985	-0.146	-0.0545	-1.13	-0.246	-0.0535	-0.1435	-0.2935				
-0.412	-0.226	-0.154	-0.0565	-1.232	-0.2535	-0.055	-0.151	-0.3135				
-0.417	-0.256	-0.154	-0.0585	-1.365	-0.261	-0.0565	-0.1595	-0.331				
-0.422	-0.2895	-0.1615	-0.06	-1.4955	-0.261	-0.0585	-0.168	-0.3495				
-0.427	-0.3295	-0.169	-0.062	-1.6435	-0.269	-0.0605	-0.178	-0.3695				
-0.432	-0.3725	-0.177	-0.0635	-1.7825	-0.284	-0.062	-0.1875	-0.3885				
-0.437	-0.4205	-0.1845	-0.066	-1.938	-0.284	-0.0635	-0.199	-0.409				
-0.442	-0.475	-0.192	-0.0675	-2.0855	-0.2995	-0.066	-0.2105	-0.4305				
-0.447	-0.535	-0.2	-0.069	-2.2545	-0.2995	-0.068	-0.2235	-0.452				
-0.452	-0.602	-0.2	-0.0715	-2.4385	-0.3075	-0.07	-0.2375	-0.4735				
-0.457	-0.674	-0.2075	-0.073	-2.62	-0.3225	-0.072	-0.252	-0.495				
-0.462	-0.753	-0.215	-0.075	-2.834	-0.3225	-0.0745	-0.2675	-0.5155				
-0.467	-0.8445	-0.223	-0.0765	-3.046	-0.3305	-0.0765	-0.2835	-0.5365				
-0.472	-0.941	-0.2305	-0.079	-3.249	-0.3455	-0.079	-0.299	-0.561				
-0.477	-1.048	-0.238	-0.081	-3.4805	-0.3535	-0.0805	-0.3165	-0.5845				
-0.482	-1.165	-0.2535	-0.083	-3.73	-0.361	-0.083	-0.335	-0.606				
-0.487	-1.2915	-0.261	-0.085	-3.9635	-0.3685	-0.085	-0.353	-0.63				
-0.492	-1.435	-0.269	-0.0875	-4.2485	-0.3685	-0.0875	-0.3725	-0.6525				
-0.497	-1.5845	-0.2765	-0.089		-0.3765	-0.0895	-0.3915	-0.6765				
-0.502	-1.752	-0.284	-0.092		-0.384	-0.092	-0.4115	-0.702				
-0.507	-1.9305	-0.292	-0.0945		-0.3915	-0.0945	-0.432	-0.728				
-0.512	-2.1205	-0.2995	-0.0965		-0.3995	-0.0965	-0.453	-0.751				
-0.517	-2.331	-0.315	-0.099		-0.3995	-0.099	-0.475	-0.776				
-0.522	-2.5535	-0.3225	-0.101		-0.407	-0.101	-0.4965	-0.8015				
-0.527	-2.7995	-0.3305	-0.1035		-0.4145	-0.104	-0.5195	-0.8205				
-0.532	-3.0565	-0.338	-0.1065		-0.4225	-0.1065	-0.543	-0.8475				
-0.537	-3.34	-0.3535	-0.109		-0.4225	-0.1095	-0.567	-0.874				
-0.542	-3.6505	-0.361	-0.111		-0.4375	-0.1125	-0.5905	-0.8985				
-0.547	-3.985	-0.3685	-0.114		-0.4455	-0.115	-0.615	-0.926				
-0.552	-4.3285	-0.3765	-0.1165		-0.453	-0.118	-0.6405	-0.954				
-0.557		-0.384	-0.119		-0.4605	-0.1205	-0.666	-0.9805				
-0.562		-0.3915	-0.122		-0.4685	-0.1235	-0.692	-1.009				
-0.567		-0.3995	-0.124		-0.476	-0.1265	-0.718	-1.0365				
-0.572		-0.407	-0.127		-0.4835	-0.1285	-0.7445	-1.0655				
-0.577		-0.4145	-0.1305		-0.4915	-0.1325	-0.7715	-1.0795				
-0.582		-0.4225	-0.1335		-0.499	-0.134	-0.799	-1.1195				
-0.587		-0.43	-0.1355		-0.5145	-0.138	-0.826	-1.15				
-0.592		-0.4375	-0.1385		-0.522	-0.141	-0.8535	-1.1775				
-0.597		-0.453	-0.142		-0.5295	-0.144	-0.882	-1.2075				
-0.602		-0.4605	-0.144		-0.5375	-0.147	-0.911	-1.234				
-0.607		-0.476	-0.148		-0.545	-0.15	-0.94	-1.209				
-0.612		-0.4835	-0.151		-0.5525	-0.1535	-0.97	-1.2925				
-0.617		-0.4915	-0.154		-0.5605	-0.1555	-0.999	-1.32				
-0.622		-0.5065	-0.157		-0.568	-0.16	-1.029	-1.3375				
-0.627		-0.5145	-0.16		-0.5835	-0.163	-1.0595	-1.3835				
-0.632		-0.5295	-0.1625		-0.591	-0.1655	-1.0895	-1.4105				
-0.637		-0.5375	-0.1665		-0.599	-0.1695	-1.121	-1.4435				
-0.642		-0.5525	-0.1695		-0.6065	-0.173	-1.1515	-1.471				
-0.647		-0.5605	-0.1725		-0.622	-0.1755	-1.183	-1.496				
-0.652		-0.568	-0.176		-0.622	-0.1795	-1.2145	-1.537				
-0.657		-0.5835	-0.18		-0.6295	-0.183	-1.2455	-1.568				
-0.662		-0.591	-0.1825		-0.637	-0.186	-1.277	-1.6005				
-0.667		-0.6065	-0.186		-0.6525	-0.19	-1.3095	-1.6365				
-0.672		-0.614	-0.19		-0.66	-0.194	-1.3415	-1.67				
-0.677		-0.6295	-0.1925		-0.6755	-0.197	-1.3735	-1.6875				
-0.682		-0.637	-0.196		-0.683	-0.201	-1.4075	-1.7285				
-0.687		-0.6525	-0.199		-0.691	-0.2045	-1.4405	-1.7605				
-0.692		-0.668	-0.2025		-0.6985	-0.207	-1.473	-1.788				
-0.697		-0.6755	-0.206		-0.714	-0.2115	-1.507	-1.8235				
-0.702		-0.683	-0.21		-0.7215	-0.2155	-1.5405	-1.8595				
-0.707		-0.6985	-0.213		-0.729	-0.2185	-1.5745	-1.889				
-0.712		-0.706	-0.2175		-0.737	-0.223	-1.6075	-1.923				
-0.717		-0.7215	-0.2215		-0.7445	-0.227	-1.6425	-1.9605				
-0.722		-0.729	-0.2235		-0.752	-0.23	-1.6755	-1.9855				
-0.727		-0.7445	-0.2275		-0.76	-0.2345	-1.71	-2.0235				
-0.732		-0.752	-0.233		-0.775	-0.2385	-1.745	-2.0585				
-0.737		-0.7675	-0.235		-0.783	-0.2415	-1.778	-2.086				
-0.742		-0.775	-0.239		-0.7905	-0.245	-1.8135	-2.1185				
-0.747		-0.7905	-0.2435		-0.798	-0.25	-1.848	-2.155				
-0.752		-0.806	-0.2465		-0.8135	-0.253	-1.883	-2.192				
-0.757		-0.8135	-0.2505		-0.8135	-0.2575	-1.9185	-2.228				
-0.762		-0.829	-0.2545		-0.829	-0.262	-1.9535	-2.263				
-0.767		-0.8365	-0.258		-0.8365	-0.265	-1.989	-2.296				
-0.772		-0.852	-0.263		-0.8445	-0.2695	-2.0235	-2.332				
-0.777		-0.8595	-0.2675		-0.8595	-0.2745	-2.0585	-2.377				
-0.782		-0.8675	-0.2695		-0.8675	-0.2775	-2.0945	-2.3985				
-0.787		-0.8825	-0.2745		-0.875	-0.281	-2.1295	-2.4285				
-0.792		-0.8905	-0.2775		-0.8825	-0.286	-2.165	-2.462				
-0.797		-0.9055	-0.281		-0.8905	-0.289	-2.201	-2.4905				
-0.802		-0.921	-0.2845		-0.898	-0.294	-2.237	-2.5295				
-0.807		-0.9285	-0.2895		-0.9135	-0.298	-2.272	-2.5635				
-0.812		-0.944	-0.2925		-0.921	-0.301	-2.308	-2.607				
-0.817		-0.9515	-0.2975		-0.9285	-0.3065	-2.345	-2.634				
-0.822		-0.967	-0.3025		-0.9365	-0.311	-2.3805	-2.6815				
-0.827		-0.9745			-0.944		-2.4155	-2.721				
-0.832		-0.99			-0.9515		-2.4505	-2.748				
-0.837		-0.9975			-0.967		-2.4875	-2.7865				
-0.842		-1.013			-0.9825		-2.5235	-2.8215				
-0.847		-1.0205			-0.99		-2.5605	-2.8515				
-0.852		-1.036			-0.99		-2.597	-2.889				
-0.857		-1.0435			-1.0055		-2.633	-2.9355				
-0.862		-1.059			-1.013		-2.67	-2.945				
-0.867		-1.0745			-1.0285		-2.706	-3.0025				
-0.872		-1.082			-1.036		-2.742	-3.035				
-0.877		-1.0975			-1.0435		-2.7795	-3.0635				
-0.882		-1.105			-1.059		-2.8145	-3.118				
-0.887		-1.1205			-1.0665		-2.8515	-3.151				
-0.892		-1.128			-1.0745		-2.8865	-3.181				
-0.897		-1.1435			-1.082		-2.9235	-3.2275				
-0.902		-1.151			-1.0895		-2.9595	-3.258				
-0.907		-1.1665			-1.105		-2.9955	-3.281				
-0.912		-1.174			-1.113		-3.033	-3.33				
-0.917		-1.1895			-1.128		-3.068	-3.354				
-0.922		-1.197			-1.136		-3.1055	-3.3915				
-0.927		-1.2125			-1.1435		-3.1415	-3.4415				
-0.932		-1.228			-1.159		-3.1775	-3.475				
-0.937		-1.2355			-1.1665		-3.2135	-3.5185				
-0.942		-1.251			-1.174		-3.249	-3.5365				
-0.947		-1.2585			-1.182		-3.2875	-3.602				
-0.952		-1.274			-1.197		-3.3225	-3.6315				
-0.957		-1.2815			-1.205		-3.3585	-3.665				
-0.962		-1.297			-1.22		-3.3955	-3.7115				
-0.967		-1.3045			-1.228		-3.4315	-3.7445				
-0.972		-1.32			-1.2355		-3.469	-3.7785				
-0.977		-1.3275			-1.251		-3.504	-3.8115				
-0.982		-1.343			-1.251		-3.54	-3.8345				
-0.987		-1.3505			-1.266		-3.576	-3.8685				
-0.992		-1.366			-1.2815		-3.612	-3.917				
-0.997		-1.3735			-1.2815		-3.6505	-3.943				
-1.002		-1.389			-1.297		-3.6855	-3.979				
